.Random.seed <-
c(403L, 10L, -1753295316L, 524093999L, -1506606363L, 984446876L, 
-1909038606L, 1135922285L, -2016256601L, -1214806066L, 1007846696L, 
1690089259L, -276710071L, -1753177512L, -280528122L, 147035873L, 
1105396339L, -1838404894L, 1412847188L, 1975574359L, -1546202291L, 
-1554606364L, -1834641718L, -765077707L, -733979249L, 1014897302L, 
-1288506816L, 882078467L, -1027874015L, 19825680L, 1769743342L, 
1779831705L, 826403883L, 1254463770L, -245654564L, 2123161055L, 
271993269L, 1600849740L, -269320798L, -1151570691L, 614330871L, 
-1890812130L, 276619736L, -724427973L, -145724199L, 1275175016L, 
-233470570L, -1824129775L, 471584451L, 1590398674L, 700880740L, 
222710439L, 2023035901L, 256452084L, 411427546L, -1374301147L, 
-54208193L, -600580410L, 1952887632L, 1756187507L, 499899793L, 
-966443072L, -1701242466L, 245629801L, 1306580891L, -2022244694L, 
-638330676L, 409741711L, -1083941435L, 330596732L, -615706158L, 
1845996877L, 1652559879L, -1045463058L, -164313400L, -1385317941L, 
-982963159L, 2102229624L, -1644435546L, 2063921601L, 1735796307L, 
688811266L, 637541428L, -1441677897L, 16109997L, -2099514684L, 
1140319978L, 852183381L, 1869897455L, 217259254L, -1553036256L, 
384077283L, -1188532607L, 280873200L, 1989199758L, -1023379207L, 
1705894539L, -176823622L, 1732103612L, -495192321L, -1069286827L, 
-1732297364L, -980044350L, -28969443L, -454496617L, 1148086270L, 
-1568181320L, -2138083429L, 176338425L, 1011856712L, 1453604982L, 
1195322801L, -1009183773L, -1082732366L, 1184185604L, 178576967L, 
1295984925L, -941021292L, -558650566L, 1010251653L, 1522459743L, 
1563750118L, -999451280L, -1780851053L, 819832625L, 2090606048L, 
-917976450L, -2089428727L, -2075591877L, 548983562L, 1227455212L, 
-1198295185L, -1011599195L, -1934806436L, -881901006L, 483911981L, 
-1028886553L, -1926752498L, -618280728L, 1778539243L, 752219017L, 
-1439330536L, 762245702L, -785468767L, -1545259725L, -1716630366L, 
836936596L, 489568791L, 513457677L, -2087773404L, -632682742L, 
1347881589L, 1632958927L, 1343079126L, 1891673728L, 414722243L, 
1270449761L, 500915920L, -2073311186L, 1080655321L, -1996873237L, 
1482007642L, -1776181732L, -1727156449L, -1728314507L, 2094410252L, 
-1052955678L, 153180349L, -2105260233L, -719450146L, -1363919592L, 
1664815227L, 699860505L, 657338024L, 1085758550L, 542144721L, 
2062132355L, 776062738L, 899015332L, 1254207079L, -315744323L, 
-1826221772L, -768601446L, 785535205L, 416731775L, -627303418L, 
168914832L, 2071958067L, 1652459985L, -1132045440L, 1936266846L, 
-405516887L, -1274454949L, 1348912234L, -2140816116L, 1503354703L, 
599563269L, 1040319164L, 1076712338L, 341872781L, -2122275129L, 
1011920814L, -818259448L, -1555161589L, 1691653865L, 1392669112L, 
2125565542L, 1789872897L, -666034797L, -456346046L, 1052371444L, 
-868166665L, -1519376403L, -200294268L, -1814260054L, -1509733355L, 
-434307921L, -1145359690L, 669839584L, -1494926301L, 1416184641L, 
-507589072L, -640127922L, -1831361351L, 397385931L, -239743622L, 
-767160196L, 1581593791L, -72629867L, -1505649132L, -390457816L, 
-1482693318L, -457259056L, -569634196L, -1325930700L, -1759149422L, 
1654085984L, 1121923404L, -856518688L, -1107738718L, 1654249384L, 
-651514996L, -338024772L, 1556450162L, 1588943088L, 1989982276L, 
-1278272168L, -1890921414L, 378807152L, -1208810436L, 1437420308L, 
-1687475774L, -361258784L, -1355065476L, -1144873264L, -823245150L, 
-945421272L, 1148602636L, -1330007108L, 1222524210L, -1065574464L, 
-255258060L, -624600120L, 67093690L, -402845808L, -595102228L, 
203767892L, 922697362L, 457833248L, 72920524L, 148593632L, -57572670L, 
-461956568L, -519201108L, 346354364L, 54678002L, -2134259408L, 
5573796L, -1315798344L, 83618650L, -1771762288L, 156152188L, 
296357140L, -2014598846L, 990577408L, 453876668L, -1553319088L, 
1139605794L, 1684757832L, -169510900L, -1366542244L, 2146804946L, 
2066696192L, -1671922860L, -465821208L, -1656645638L, -2021976368L, 
-677124820L, -2050619148L, 1409468306L, 1005190240L, -2017493748L, 
894912224L, -702227102L, -1078738264L, -1215866292L, -1149323396L, 
176352050L, -120471952L, 1312308548L, 51149784L, 236081274L, 
688039472L, 2099415740L, -1199708332L, 2061163074L, -1412322400L, 
-1828910916L, -90889776L, -330775198L, -88976408L, 321812428L, 
1122023164L, 1523896306L, 1152179328L, 1170954484L, 555840648L, 
-1286707910L, 868729680L, -482243476L, 1069760660L, -2104813230L, 
-738083104L, -747147060L, 1767143584L, 1248475522L, -258819864L, 
48494828L, -2074134468L, -1738735502L, 1999464560L, 1502691876L, 
-2088631752L, 1886292506L, 2085384400L, -1626114500L, -214971244L, 
1342854274L, -1263171648L, -66900676L, 75734672L, 202552354L, 
-313946104L, -1690985332L, 1489469468L, -753007470L, -486593408L, 
1039541268L, 1815241512L, -1317456838L, 1909697744L, -1438673812L, 
-1692191052L, -742506478L, 332693472L, -1122440244L, -1343545888L, 
1049119778L, 71570728L, 323746060L, 2023804476L, -1552530190L, 
608114928L, 1971722052L, -762982312L, 409199162L, 1091766512L, 
-1626103108L, -222934508L, 756616386L, -840001952L, 1059612028L, 
-1830542128L, 243766306L, -281614168L, -1978688116L, -1389231684L, 
-1111439310L, -2034543808L, -621568332L, 786305352L, -347336006L, 
-2090180848L, -206708500L, -210126764L, -383924462L, 965001632L, 
-68474932L, -160784544L, 47090882L, -1189425624L, 1803020716L, 
-1311661252L, 1095189362L, -1550938320L, 827400228L, -2110169544L, 
-1140542758L, 491566992L, -652487428L, -966922860L, 173048642L, 
2071497216L, 1945946172L, -1106763184L, 654778530L, 485778248L, 
2071378444L, 934533852L, -1363562414L, -1898181504L, -1302345900L, 
-336486424L, 230568698L, -1929205936L, 1726825516L, -1381136012L, 
-259699054L, -1820048800L, -1283739508L, 1047777632L, 1926461666L, 
-210637656L, 142030540L, -561284612L, -382768206L, 1010648048L, 
2083078596L, 467238232L, -1035882118L, 284504496L, -1180718660L, 
1042832980L, -42649150L, 2056594208L, 1233490876L, 404861008L, 
774151138L, 1146077032L, -1652345012L, 806874876L, 1491773170L, 
695377152L, -255665036L, -1443475960L, -1145363014L, 839201384L, 
-2001687994L, 1309618163L, -958550187L, 2037043506L, -47811328L, 
1230996969L, 1665380443L, -347716948L, -1039033158L, 601726575L, 
1856228345L, 1517015694L, -1108458660L, -1832071219L, 1693404983L, 
-1967837760L, -1140649314L, 79285099L, 1032876781L, 315418458L, 
250264600L, 895216001L, -1393475789L, 1502434644L, -436076702L, 
888910839L, -1490731967L, -165381946L, -509262332L, -206204491L, 
-296079713L, 1956478712L, -866524458L, -1863075997L, -1589440731L, 
158008514L, 2128564656L, -117741095L, 1608877899L, -510915140L, 
823827946L, 954018335L, -659111767L, 567322686L, 448727340L, 
-1443617923L, -1590036025L, -912819024L, -815744306L, -1330089989L, 
-586876835L, -1661190262L, 903835560L, 1415349521L, 1239743491L, 
-1155500284L, -429262030L, -1345472121L, 1167908817L, 1803784534L, 
-907882700L, -886476219L, 1505713807L, 1346803720L, -1130484698L, 
101688531L, -1403345355L, 1047534994L, -1889443488L, -16090935L, 
1639144443L, 1107418060L, 643405402L, 454884175L, -2043252199L, 
607621166L, -1781670340L, -120990803L, -470918057L, -436495968L, 
1408090878L, -480980533L, 1703679949L, -1688118534L, -1683996360L, 
-2087736607L, -981181037L, 628884916L, -1168288062L, 820328151L, 
-677398751L, -1392398618L, 101083108L, -178792683L, 691392319L, 
-1047041320L, 1801965302L, 652175619L, 291355205L, 2091334242L, 
369547728L, 248219385L, -257240021L, 906236828L, 1696746442L, 
-36764481L, -813488631L, -1629098210L, -1237739828L, 1129969309L, 
2126005031L, -362287792L, -146500626L, -1020879717L, 953874173L, 
295534058L, -1706881400L, -49530831L, -114228573L, 1984711332L, 
691936082L, -750062937L, -855912719L, 731684406L, 641139412L, 
705844837L, -1485667217L, -1475477848L, 159702022L, 1380706611L, 
937948565L, 1250941426L, -2140957120L, 1901574057L, 952023579L, 
312021996L, -1035406342L, -1426718673L, 1270198329L, -1531493810L, 
1895891612L, 15337485L, 302191735L, -1414445952L, -1119284514L, 
